8.0000000000
-910.0000000000
-1051.0000000000
-1190.0000000000
-1331.0000000000
-1471.0000000000
-1607.0000000000
-1752.0000000000
-1888.0000000000
-2030.0000000000
-2163.0000000000
-2303.0000000000
-2439.0000000000
-2577.0000000000
-2709.0000000000
-2847.0000000000
-2981.0000000000
-3115.0000000000
-3246.0000000000
-3379.0000000000
-3512.0000000000
-3642.0000000000
-3772.0000000000
-3900.0000000000
-4027.0000000000
-4157.0000000000
-4278.0000000000
-4408.0000000000
-4529.0000000000
-4653.0000000000
-4771.0000000000
-4894.0000000000
-5016.0000000000
-5133.0000000000
-5251.0000000000
-5365.0000000000
-5481.0000000000
-5590.0000000000
-5705.0000000000
-5816.0000000000
-5922.0000000000
-6033.0000000000
-6140.0000000000
-6245.0000000000
-6344.0000000000
-6449.0000000000
-6547.0000000000
-6646.0000000000
-6747.0000000000
-6842.0000000000
-6934.0000000000
-7026.0000000000
-7117.0000000000
-7206.0000000000
-7295.0000000000
-7378.0000000000
-7462.0000000000
-7545.0000000000
-7626.0000000000
-7704.0000000000
-7782.0000000000
-7854.0000000000
-7930.0000000000
-5793.0000000000
-5904.0000000000
-6010.0000000000
-6183.0000000000
-6287.0000000000
-6390.0000000000
-6492.0000000000
-6591.0000000000
-6687.0000000000
-6844.0000000000
-6939.0000000000
-7035.0000000000
-7124.0000000000
-7211.0000000000
-7301.0000000000
-7386.0000000000
-7522.0000000000
-7605.0000000000
-7679.0000000000
-7758.0000000000
-7833.0000000000
-7906.0000000000
-8027.0000000000
-8094.0000000000
-8158.0000000000
-8224.0000000000
-8287.0000000000
-8350.0000000000
-8408.0000000000
-8464.0000000000
-8520.0000000000
-8574.0000000000
-8623.0000000000
-8672.0000000000
-8720.0000000000
-8763.0000000000
-8806.0000000000
-8846.0000000000
-8886.0000000000
-8924.0000000000
-8954.0000000000
-8990.0000000000
-9019.0000000000
-9047.0000000000
-9071.0000000000
-9095.0000000000
-9117.0000000000
-9134.0000000000
-9152.0000000000
-9165.0000000000
-9178.0000000000
-9196.0000000000
-9203.0000000000
-9210.0000000000
-9212.0000000000
-9212.0000000000
-9212.0000000000
-9209.0000000000
-9202.0000000000
-9195.0000000000
-9183.0000000000
-9171.0000000000
-9157.0000000000
-9142.0000000000
-9122.0000000000
-9101.0000000000
-9078.0000000000
-9058.0000000000
-9025.0000000000
-8997.0000000000
-8967.0000000000
-8933.0000000000
-8896.0000000000
-8857.0000000000
-8821.0000000000
-8778.0000000000
-8732.0000000000
-8684.0000000000
-8637.0000000000
-8587.0000000000
-8538.0000000000
-8481.0000000000
-8426.0000000000
-8368.0000000000
-8306.0000000000
-8244.0000000000
-8184.0000000000
-8114.0000000000
-8049.0000000000
-7977.0000000000
-7906.0000000000
-7835.0000000000
-7756.0000000000
-7680.0000000000
-7604.0000000000
-7520.0000000000
-7438.0000000000
-7353.0000000000
-7269.0000000000
-7179.0000000000
-7087.0000000000
-6997.0000000000
-6906.0000000000
-6813.0000000000
-6716.0000000000
-6618.0000000000
-6518.0000000000
-6417.0000000000
-6314.0000000000
-6209.0000000000
-6105.0000000000
-6001.0000000000
-5891.0000000000
-5780.0000000000
-5669.0000000000
-5559.0000000000
-5439.0000000000
-5332.0000000000
-5213.0000000000
-5099.0000000000
-4975.0000000000
-4856.0000000000
-4736.0000000000
-4614.0000000000
-4492.0000000000
-4367.0000000000
-4241.0000000000
-4118.0000000000
-3988.0000000000
-3862.0000000000
-3732.0000000000
-3603.0000000000
-3470.0000000000
-3341.0000000000
-3141.0000000000
-3006.0000000000
-2871.0000000000
-2736.0000000000
-2602.0000000000
-2464.0000000000
-2330.0000000000
-2189.0000000000
-2053.0000000000
-1918.0000000000
-1778.0000000000
-1638.0000000000
-1500.0000000000
-1354.0000000000
-1215.0000000000
-1077.0000000000
-933.0000000000
-795.0000000000
-654.0000000000
-511.0000000000
-366.0000000000
-227.0000000000
-86.0000000000
56.0000000000
194.0000000000
336.0000000000
479.0000000000
620.0000000000
760.0000000000
903.0000000000
1045.0000000000
1183.0000000000
1326.0000000000
1464.0000000000
1607.0000000000
1746.0000000000
1885.0000000000
2025.0000000000
2159.0000000000
2299.0000000000
2436.0000000000
2574.0000000000
2711.0000000000
2847.0000000000
2979.0000000000
3116.0000000000
3249.0000000000
3381.0000000000
3514.0000000000
3645.0000000000
3773.0000000000
3908.0000000000
4032.0000000000
4159.0000000000
4283.0000000000
4413.0000000000
4538.0000000000
4663.0000000000
4785.0000000000
4905.0000000000
5027.0000000000
5145.0000000000
5259.0000000000
5375.0000000000
5494.0000000000
5607.0000000000
5721.0000000000
5832.0000000000
5945.0000000000
6049.0000000000
6161.0000000000
6263.0000000000
6369.0000000000
6472.0000000000
6573.0000000000
6676.0000000000
6773.0000000000
6869.0000000000
6966.0000000000
7058.0000000000
7150.0000000000
7243.0000000000
7329.0000000000
7418.0000000000
7548.0000000000
7626.0000000000
7708.0000000000
7786.0000000000
7864.0000000000
7940.0000000000
8014.0000000000
8086.0000000000
8154.0000000000
8219.0000000000
8287.0000000000
8355.0000000000
8413.0000000000
8472.0000000000
8532.0000000000
8588.0000000000
8641.0000000000
8692.0000000000
8743.0000000000
8791.0000000000
8836.0000000000
8881.0000000000
8923.0000000000
8963.0000000000
9003.0000000000
9039.0000000000
9073.0000000000
9104.0000000000
9132.0000000000
9160.0000000000
9181.0000000000
9205.0000000000
9227.0000000000
9247.0000000000
9263.0000000000
9278.0000000000
9289.0000000000
9299.0000000000
9307.0000000000
9309.0000000000
9313.0000000000
9319.0000000000
9316.0000000000
9313.0000000000
9308.0000000000
9300.0000000000
9289.0000000000
9280.0000000000
9266.0000000000
9249.0000000000
9232.0000000000
9212.0000000000
9190.0000000000
9167.0000000000
9136.0000000000
9104.0000000000
9076.0000000000
9042.0000000000
9005.0000000000
8968.0000000000
8931.0000000000
8887.0000000000
8842.0000000000
8798.0000000000
8753.0000000000
8697.0000000000
8648.0000000000
8597.0000000000
8540.0000000000
8482.0000000000
8421.0000000000
8357.0000000000
8294.0000000000
8229.0000000000
8162.0000000000
8093.0000000000
8024.0000000000
7947.0000000000
7876.0000000000
7797.0000000000
7719.0000000000
7638.0000000000
7556.0000000000
7426.0000000000
7341.0000000000
7253.0000000000
7159.0000000000
7069.0000000000
6976.0000000000
6883.0000000000
6785.0000000000
6687.0000000000
6587.0000000000
6485.0000000000
6383.0000000000
6280.0000000000
6170.0000000000
6063.0000000000
5958.0000000000
5846.0000000000
5736.0000000000
5623.0000000000
5506.0000000000
5397.0000000000
5277.0000000000
5160.0000000000
5042.0000000000
4924.0000000000
4801.0000000000
4677.0000000000
4551.0000000000
4429.0000000000
4305.0000000000
4175.0000000000
4051.0000000000
3923.0000000000
3790.0000000000
3660.0000000000
3530.0000000000
3400.0000000000
3265.0000000000
3133.0000000000
2995.0000000000
2863.0000000000
2725.0000000000
2594.0000000000
2454.0000000000
2317.0000000000
2176.0000000000
2041.0000000000
1902.0000000000
1762.0000000000
1626.0000000000
1483.0000000000
1344.0000000000
1206.0000000000
1062.0000000000
921.0000000000
780.0000000000
639.0000000000
496.0000000000
356.0000000000
210.0000000000
73.0000000000
-66.0000000000
-213.0000000000
-354.0000000000
-493.0000000000
-638.0000000000
-777.0000000000
-915.0000000000
-1057.0000000000
-1199.0000000000
-1338.0000000000
-1479.0000000000
-1622.0000000000
-1756.0000000000
-1901.0000000000
-2037.0000000000
-2172.0000000000
-2313.0000000000
-2446.0000000000
-2583.0000000000
-2722.0000000000
-2857.0000000000
-2990.0000000000
-3124.0000000000
-3324.0000000000
-3453.0000000000
-3586.0000000000
-3718.0000000000
-3846.0000000000
-3971.0000000000
-4097.0000000000
-4228.0000000000
-4351.0000000000
-4479.0000000000
-4601.0000000000
-4723.0000000000
-4842.0000000000
-4965.0000000000
-5078.0000000000
-5201.0000000000
-5317.0000000000
-5429.0000000000
-5544.0000000000
-5654.0000000000
-5773.0000000000
-5877.0000000000
-5985.0000000000
-6093.0000000000
-6197.0000000000
-6299.0000000000
-6401.0000000000
-6504.0000000000
-6606.0000000000
-6705.0000000000
-6798.0000000000
-6894.0000000000
-6989.0000000000
-7079.0000000000
-7170.0000000000
-7257.0000000000
-7344.0000000000
-7426.0000000000
-7510.0000000000
-7590.0000000000
-7672.0000000000
-7749.0000000000
-7823.0000000000
-7895.0000000000
-7969.0000000000
-8038.0000000000
-8108.0000000000
-8175.0000000000
-8238.0000000000
-8300.0000000000
-8361.0000000000
-8421.0000000000
-8474.0000000000
-8528.0000000000
-8581.0000000000
-8634.0000000000
-8679.0000000000
-8729.0000000000
-8771.0000000000
-8814.0000000000
-8858.0000000000
-8895.0000000000
-8929.0000000000
-8963.0000000000
-8993.0000000000
-9025.0000000000
-9053.0000000000
-9076.0000000000
-9097.0000000000
-9120.0000000000
-9137.0000000000
-9161.0000000000
-9172.0000000000
-9183.0000000000
-9192.0000000000
-9203.0000000000
-9207.0000000000
-9210.0000000000
-9213.0000000000
-9212.0000000000
-9208.0000000000
-9205.0000000000
-9198.0000000000
-9181.0000000000
-9171.0000000000
-9154.0000000000
-9136.0000000000
-9120.0000000000
-9099.0000000000
-9075.0000000000
-9052.0000000000
-9023.0000000000
-8992.0000000000
-8964.0000000000
-8926.0000000000
-8889.0000000000
-8851.0000000000
-8814.0000000000
-8767.0000000000
-8725.0000000000
-8678.0000000000
-8629.0000000000
-8580.0000000000
-8526.0000000000
-8473.0000000000
-8414.0000000000
-8359.0000000000
-8297.0000000000
-8234.0000000000
-8171.0000000000
-8104.0000000000
-8036.0000000000
-7964.0000000000
-7892.0000000000
-7819.0000000000
-7742.0000000000
-7666.0000000000
-7585.0000000000
-7506.0000000000
-7422.0000000000
-7338.0000000000
-7252.0000000000
-7163.0000000000
-7074.0000000000
-6978.0000000000
-6891.0000000000
-6795.0000000000
-6696.0000000000
-6599.0000000000
-6500.0000000000
-6399.0000000000
-6297.0000000000
-6193.0000000000
-6085.0000000000
-5981.0000000000
-5868.0000000000
-5763.0000000000
-5652.0000000000
-5538.0000000000
-5425.0000000000
-5307.0000000000
-5193.0000000000
-5074.0000000000
-4957.0000000000
-4835.0000000000
-4717.0000000000
-4592.0000000000
-4470.0000000000
-4347.0000000000
-4219.0000000000
-4096.0000000000
-3965.0000000000
-3839.0000000000
-3711.0000000000
-3580.0000000000
-3449.0000000000
-3315.0000000000
-3184.0000000000
-3048.0000000000
-2917.0000000000
-2783.0000000000
-2646.0000000000
-2508.0000000000
-2375.0000000000
-2236.0000000000
-2097.0000000000
-1963.0000000000
-1753.0000000000
-1612.0000000000
-1470.0000000000
-1334.0000000000
-1188.0000000000
-1051.0000000000
-909.0000000000
-768.0000000000
-627.0000000000